WP_087988129.1;NZ_PGDZ01000245.1	Cry1Gb2	100.0	342	0	0	1	342	253	594	3.4e-201	693.7
WP_033698569.1;NZ_PGDZ01000096.1	Cry1Ga1	100.0	339	0	0	1	339	253	591	3.1e-199	687.2
WP_000369823.1;NZ_CP010091.1	Cry1Aa11	100.0	347	0	0	1	347	259	605	1.7e-200	691.4
RBN52569.1;QNUR01000168.1	Cry9Ea1	100.0	348	0	0	1	348	303	650	6.3e-203	699.5
PNK40066.1;NHNR01000183.1	Cry1Fb6	100.0	342	0	0	1	342	257	598	1.7e-205	708.0
OTX53140.1;NFCY01000015.1	Cry7Ia1	100.0	337	0	0	1	337	321	657	7.7e-198	682.6
WP_033700085.1;NZ_PGDZ01000165.1	Cry1Db1	100.0	334	0	0	1	334	258	591	6.1e-195	672.9
WP_014990538.1;NC_018687.1	Cry53Ab1	100.0	343	0	0	1	343	300	642	2.7e-206	710.7
AJA23086.1;CP010090.1	Cry1Ca11	100.0	352	0	0	1	352	261	612	3.2e-210	723.8
WP_080989235.1;NZ_CP010111.1	Cry7Da1	100.0	354	0	0	1	354	284	637	4.7e-206	709.9
WP_000369821.1;NZ_PHSM01000059.1	Cry1Ac10	100.0	350	0	0	1	350	259	608	3.4e-204	703.7
OTW42787.1;NFCE01000025.1	Cry1Ba1	100.0	358	0	0	1	358	278	635	1.3e-211	728.4
OUA36886.1;NFER01000141.1	Cry1Aa11	100.0	347	0	0	1	347	259	605	1.7e-200	691.4
WP_033698198.1;NZ_NFDR01000097.1	Cry1Bd1	100.0	360	0	0	1	360	283	642	2.6e-196	677.6
WP_000769223.1;NZ_NFDU01000155.1	Cry1Ia11	100.0	357	0	0	1	357	287	643	1.2e-212	731.9
WP_021727542.1;NZ_NFEV01000132.1	Cry9Ea1	100.0	348	0	0	1	348	303	650	6.3e-203	699.5
OTZ52987.1;NFEE01000112.1	Cry1Cb1	100.0	342	0	0	1	342	283	624	2.4e-194	671.0
AJA23643.1;CP010092.1	Cry1Ac10	100.0	350	0	0	1	350	259	608	3.4e-204	703.7
AMR88574.1;CP014853.1	Cry1Ja2	100.0	336	0	0	1	336	258	593	3.2e-196	677.2
WP_033700083.1;NZ_NFDR01000187.1	Cry1Ib3	100.0	357	0	0	1	357	287	643	5.8e-212	729.6
WP_033698561.1;NZ_NFDR01000193.1	Cry1Cb1	100.0	342	0	0	1	342	283	624	2.4e-194	671.0
ALL21979.1;CP013000.1	Cry7Fa1	100.0	353	0	0	1	353	260	612	6.2e-206	709.5
WP_098369107.1;NZ_NTUS01000076.1	Cry1Ja1	100.0	336	0	0	1	336	258	593	4.2e-196	676.8
WP_040120006.1;NZ_CP007613.1	Cry1Ac10	100.0	350	0	0	1	350	259	608	3.4e-204	703.7
WP_000769223.1;NZ_NFDV01000214.1	Cry1Ia11	100.0	357	0	0	1	357	287	643	1.2e-212	731.9
WP_087976728.1;NZ_NFCH01000172.1	Cry1Gb2	100.0	342	0	0	1	342	253	594	3.4e-201	693.7
OTY84077.1;NFDU01000155.1	Cry1Ia11	100.0	357	0	0	1	357	287	643	1.2e-212	731.9
OTY98186.1;NFDX01000153.1	Cry9Ea1	100.0	348	0	0	1	348	303	650	6.3e-203	699.5
EXY05452.1;KK088376.1	Cry1Fb1	100.0	342	0	0	1	342	257	598	3.0e-205	707.2
WP_098222186.1;NZ_NUPG01000186.1	Cry68Aa1	92.3	349	27	0	1	349	305	653	5.6e-183	633.3
OTW53896.1;NFCH01000172.1	Cry1Gb2	100.0	342	0	0	1	342	253	594	3.4e-201	693.7
WP_033700083.1;NZ_PGDZ01000165.1	Cry1Ib3	100.0	357	0	0	1	357	287	643	5.8e-212	729.6
WP_087976784.1;NZ_NFEE01000193.1	Cry1Db1	100.0	334	0	0	1	334	258	591	6.1e-195	672.9
PHQ17551.1;NHPK02000153.1	Cry1Ia11	100.0	357	0	0	1	357	287	643	1.2e-212	731.9
OTZ00150.1;NFDV01000264.1	Cry1Da1	100.0	334	0	0	1	334	258	591	4.6e-195	673.3
WP_086402512.1;NZ_NFEK01000052.1	Cry1Ea10	100.0	340	0	0	1	340	258	597	7.8e-198	682.6
PNK42405.1;NHNQ01000127.1	Cry1Ca11	100.0	352	0	0	1	352	261	612	3.2e-210	723.8
RYS59633.1;RBVK01000076.1	Cry1Ia11	100.0	357	0	0	1	357	287	643	1.2e-212	731.9
WP_016090222.1;NZ_NFDZ01000102.1	Cry1Aa11	100.0	347	0	0	1	347	259	605	1.7e-200	691.4
WP_086421749.1;NZ_NFEC01000097.1	Cry1Ka2	100.0	353	0	0	1	353	257	609	1.9e-207	714.5
WP_033700083.1;NZ_NFCH01000190.1	Cry1Ib3	100.0	357	0	0	1	357	287	643	5.8e-212	729.6
AMR88576.1;CP014853.1	Cry1Id1	100.0	357	0	0	1	357	287	643	1.3e-211	728.4
WP_000769223.1;NZ_QNUR01000153.1	Cry1Ia11	100.0	357	0	0	1	357	287	643	1.2e-212	731.9
OUA82733.1;NFEU01000056.1	Cry9Ea1	100.0	348	0	0	1	348	303	650	6.3e-203	699.5
WP_033698198.1;NZ_NFCH01000013.1	Cry1Bd1	100.0	360	0	0	1	360	283	642	2.6e-196	677.6
OTY81129.1;NFDR01000187.1	Cry1Ib3	100.0	357	0	0	1	357	287	643	5.8e-212	729.6
OTX77086.1;NFCT01000028.1	Cry10Aa3	100.0	342	0	0	1	342	308	649	2.0e-201	694.5
OTY90981.1;NFDR01000064.1	Cry1Ab12	100.0	348	0	0	1	348	259	606	2.0e-201	694.5
WP_000203375.1;NZ_NFEB01000036.1	Cry1Bb1	100.0	357	0	0	1	357	283	639	5.8e-212	729.6
WP_042991625.1;NZ_MOXQ01000033.1	Cry1Ca11	100.0	352	0	0	1	352	261	612	3.2e-210	723.8
WP_021727542.1;NZ_NFEO01000104.1	Cry9Ea1	100.0	348	0	0	1	348	303	650	6.3e-203	699.5
EXY04555.1;JEOF01000168.1	Cry1Ab12	100.0	348	0	0	1	348	259	606	2.0e-201	694.5
WP_086408102.1;NZ_NFCT01000074.1	Cry4Ba1	100.0	350	0	0	1	350	284	633	5.5e-199	686.4
WP_088065204.1;NZ_NFDH01000063.1	Cry7Ka1	100.0	344	0	0	1	344	288	631	2.1e-203	701.0
OUA34012.1;NFEQ01000251.1	Cry1Ca11	100.0	352	0	0	1	352	261	612	3.2e-210	723.8
WP_098222186.1;NZ_NVEK01000201.1	Cry68Aa1	92.3	349	27	0	1	349	305	653	5.6e-183	633.3
WP_103592020.1;NZ_PGEE01000075.1	Cry68Aa1	84.5	348	48	2	1	342	306	653	1.0e-168	585.9
WP_081283890.1;NZ_LILG01000027.1	Cry7Ia1	100.0	337	0	0	1	337	321	657	7.7e-198	682.6
OTY76350.1;NFDU01000248.1	Cry1Da1	100.0	334	0	0	1	334	258	591	4.6e-195	673.3
OUA29863.1;NFEP01000023.1	Cry9Ea1	100.0	348	0	0	1	348	303	650	6.3e-203	699.5
OUA19853.1;NFEN01000134.1	Cry9Ea1	100.0	348	0	0	1	348	303	650	6.3e-203	699.5
WP_021727542.1;NZ_NHZG01000143.1	Cry9Ea1	100.0	348	0	0	1	348	303	650	6.3e-203	699.5
WP_000769223.1;NZ_PDVK01000118.1	Cry1Ia11	100.0	357	0	0	1	357	287	643	1.2e-212	731.9
OTZ53864.1;NFEB01000036.1	Cry1Ja2	100.0	336	0	0	1	336	258	593	3.2e-196	677.2
WP_000369821.1;NZ_NFEI01000122.1	Cry1Ac10	100.0	350	0	0	1	350	259	608	3.4e-204	703.7
OTW81389.1;NFCM01000085.1	Cry1Ie2	100.0	357	0	0	1	357	287	643	3.8e-211	726.9
AJA23088.1;CP010090.1	Cry1Da1	100.0	334	0	0	1	334	258	591	4.6e-195	673.3
OTZ05476.1;NFDV01000214.1	Cry1Aa11	100.0	347	0	0	1	347	259	605	1.7e-200	691.4
OUA67405.1;NFEU01000196.1	Cry1Aa11	100.0	347	0	0	1	347	259	605	1.7e-200	691.4
OTZ15087.1;NFDW01000124.1	Cry1Ia11	100.0	357	0	0	1	357	287	643	1.2e-212	731.9
PNK42250.1;NHNR01000094.1	Cry1Id1	100.0	357	0	0	1	357	287	643	1.3e-211	728.4
PTN43520.1;PZQR01000102.1	Cry1Ac10	100.0	350	0	0	1	350	259	608	3.4e-204	703.7
WP_081283890.1;NZ_CP017574.1	Cry7Ia1	100.0	337	0	0	1	337	321	657	7.7e-198	682.6
PFA97486.1;NTUS01000076.1	Cry1Ja1	100.0	336	0	0	1	336	258	593	4.2e-196	676.8
WP_021727542.1;NZ_NFER01000123.1	Cry9Ea1	100.0	348	0	0	1	348	303	650	6.3e-203	699.5
AGU13833.1;KC156668.1	Cry1Ab34	100.0	348	0	0	1	348	259	606	1.2e-201	695.3
OTY50433.1;NFDO01000216.1	Cry1Ga1	100.0	339	0	0	1	339	253	591	3.1e-199	687.2
WP_000837623.1;NZ_PGEC01000154.1	Cry1Id1	100.0	357	0	0	1	357	287	643	1.3e-211	728.4
OUA22575.1;NFEP01000093.1	Cry1Ia11	100.0	357	0	0	1	357	287	643	1.2e-212	731.9
WP_042991625.1;NZ_NHZG01000036.1	Cry1Ca11	100.0	352	0	0	1	352	261	612	3.2e-210	723.8
WP_000769223.1;NZ_NFEV01000141.1	Cry1Ia11	100.0	357	0	0	1	357	287	643	1.2e-212	731.9
OTZ53867.1;NFEB01000036.1	Cry1Id1	100.0	357	0	0	1	357	287	643	1.3e-211	728.4
WP_081283890.1;NZ_NFCL01000030.1	Cry7Ia1	100.0	337	0	0	1	337	321	657	7.7e-198	682.6
WP_000369823.1;NZ_NFEU01000196.1	Cry1Aa11	100.0	347	0	0	1	347	259	605	1.7e-200	691.4
WP_098222186.1;NZ_NTYF01000234.1	Cry68Aa1	92.3	349	27	0	1	349	305	653	5.6e-183	633.3
WP_081283890.1;NZ_NFDK01000027.1	Cry7Ia1	100.0	337	0	0	1	337	321	657	7.7e-198	682.6
EXY04803.1;JEOF01000139.1	Cry1Bd1	100.0	360	0	0	1	360	283	642	2.6e-196	677.6
OTW51788.1;NFCH01000189.1	Cry1Ab12	100.0	348	0	0	1	348	259	606	2.0e-201	694.5
PER38368.1;NTYF01000234.1	Cry68Aa1	92.3	349	27	0	1	349	305	653	5.6e-183	633.3
WP_000203376.1;NC_020393.1	Cry1Ba1	100.0	358	0	0	1	358	278	635	1.3e-211	728.4
WP_000769223.1;NZ_CP007615.1	Cry1Ia11	100.0	357	0	0	1	357	287	643	1.2e-212	731.9
OTY77561.1;NFDO01000017.1	Cry1Bd1	100.0	360	0	0	1	360	283	642	2.6e-196	677.6
WP_000769223.1;NZ_AYXQ01000038.1	Cry1Ia11	100.0	357	0	0	1	357	287	643	1.2e-212	731.9
WP_021727542.1;NZ_AMXT02000231.1	Cry9Ea1	100.0	348	0	0	1	348	303	650	6.3e-203	699.5
WP_060852703.1;NZ_AP014866.1	Cry1Ea10	100.0	340	0	0	1	340	258	597	7.8e-198	682.6
ALL11841.1;CP013001.1	Cry7Fa1	100.0	353	0	0	1	353	260	612	6.2e-206	709.5
WP_042991625.1;NZ_NFDU01000248.1	Cry1Ca11	100.0	352	0	0	1	352	261	612	3.2e-210	723.8
WP_042991627.1;NZ_PVMD01000147.1	Cry1Da1	100.0	334	0	0	1	334	258	591	4.6e-195	673.3
OTW51791.1;NFCH01000188.1	Cry1Db1	100.0	334	0	0	1	334	258	591	6.1e-195	672.9
WP_086407066.1;NZ_NFCP01000044.1	Cry1Ie2	100.0	357	0	0	1	357	287	643	3.8e-211	726.9
AGU13830.1;KC156665.1	Cry7Ia1	100.0	337	0	0	1	337	321	657	7.7e-198	682.6
OUA21005.1;NFEO01000107.1	Cry1Ca11	100.0	352	0	0	1	352	261	612	3.2e-210	723.8
OTZ93984.1;NFEI01000129.1	Cry1Aa11	100.0	347	0	0	1	347	259	605	1.7e-200	691.4
WP_087976728.1;NZ_NFEE01000025.1	Cry1Gb2	100.0	342	0	0	1	342	253	594	3.4e-201	693.7
WP_000769223.1;NZ_CP010091.1	Cry1Ia11	100.0	357	0	0	1	357	287	643	1.2e-212	731.9
WP_016090366.1;NZ_CP011350.1	Cry1Ac13	100.0	349	0	0	1	349	259	607	2.2e-203	701.0
AMR88562.1;CP014853.1	Cry1Hb1	100.0	340	0	0	1	340	256	595	6.4e-200	689.5
WP_033698569.1;NZ_NFDR01000140.1	Cry1Ga1	100.0	339	0	0	1	339	253	591	3.1e-199	687.2
WP_033700083.1;NZ_NFDO01000048.1	Cry1Ib3	100.0	357	0	0	1	357	287	643	5.8e-212	729.6
ARP61632.1;CP021063.1	Cry1Ba1	100.0	358	0	0	1	358	278	635	1.3e-211	728.4
OTZ30120.1;NFEC01000118.1	Cry1Ia18	100.0	357	0	0	1	357	287	643	2.6e-212	730.7
WP_021727542.1;NZ_NHPK02000168.1	Cry9Ea1	100.0	348	0	0	1	348	303	650	6.3e-203	699.5
WP_000369823.1;NZ_NUFO01000009.1	Cry1Aa11	100.0	347	0	0	1	347	259	605	1.7e-200	691.4
WP_102981876.1;NZ_NHNR01000027.1	Cry1Bb1	100.0	357	0	0	1	357	283	639	5.8e-212	729.6
WP_042596188.1;NZ_NHNR01000190.1	Cry1Ia18	100.0	357	0	0	1	357	287	643	2.6e-212	730.7
AGU13844.1;KC156679.1	Cry7Da1	100.0	354	0	0	1	354	284	637	4.7e-206	709.9
AJA23507.1;CP010091.1	Cry1Ia11	100.0	357	0	0	1	357	287	643	1.2e-212	731.9
WP_060703620.1;NZ_LFXM01000058.1	Cry4Aa1	100.0	356	0	0	1	356	322	677	1.3e-208	718.4
OUA76864.1;NFEV01000141.1	Cry1Da1	100.0	334	0	0	1	334	258	591	4.6e-195	673.3
WP_021727542.1;NZ_PVMD01000069.1	Cry9Ea1	100.0	348	0	0	1	348	303	650	6.3e-203	699.5
OXR53718.1;NHZG01000036.1	Cry1Da1	100.0	334	0	0	1	334	258	591	4.6e-195	673.3
AKJ62789.1;CP011350.1	Cry1Ia11	100.0	357	0	0	1	357	287	643	1.2e-212	731.9
WP_079246651.1;NZ_CP020005.1	Cry1Ab34	100.0	348	0	0	1	348	259	606	1.2e-201	695.3
WP_000203376.1;NZ_NUFO01000053.1	Cry1Ba1	100.0	358	0	0	1	358	278	635	1.3e-211	728.4
BAR87554.1;AP014866.1	Cry1Ea10	100.0	340	0	0	1	340	258	597	7.8e-198	682.6
WP_000203376.1;NZ_AYXQ01000153.1	Cry1Ba1	100.0	358	0	0	1	358	278	635	1.3e-211	728.4
OTZ97385.1;NFEM01000123.1	Cry1Ac13	100.0	349	0	0	1	349	259	607	2.2e-203	701.0
WP_042991625.1;NZ_QNUR01000115.1	Cry1Ca11	100.0	352	0	0	1	352	261	612	3.2e-210	723.8
WP_042596188.1;NZ_NFEC01000118.1	Cry1Ia18	100.0	357	0	0	1	357	287	643	2.6e-212	730.7
WP_087988133.1;NZ_NFDO01000198.1	Cry1Ab12	100.0	348	0	0	1	348	259	606	2.0e-201	694.5
OTZ53852.1;NFEB01000036.1	Cry1Ab18	100.0	348	0	0	1	348	259	606	3.5e-201	693.7
WP_000369823.1;NZ_NFEI01000129.1	Cry1Aa11	100.0	347	0	0	1	347	259	605	1.7e-200	691.4
OTY50443.1;NFDO01000214.1	Cry1Cb1	100.0	342	0	0	1	342	283	624	2.4e-194	671.0
WP_000369823.1;NZ_NFEO01000107.1	Cry1Aa11	100.0	347	0	0	1	347	259	605	1.7e-200	691.4
WP_000769223.1;NZ_NHNQ01000159.1	Cry1Ia11	100.0	357	0	0	1	357	287	643	1.2e-212	731.9
WP_016090366.1;NZ_NFDZ01000007.1	Cry1Ac13	100.0	349	0	0	1	349	259	607	2.2e-203	701.0
WP_033700089.1;NZ_KK088376.1	Cry1Fb1	100.0	342	0	0	1	342	257	598	3.0e-205	707.2
WP_042596188.1;NZ_NTUS01000221.1	Cry1Ia18	100.0	357	0	0	1	357	287	643	2.6e-212	730.7
OIX23464.1;MOXR01000070.1	Cry1Ia11	100.0	357	0	0	1	357	287	643	1.2e-212	731.9
OTX71525.1;NFCW01000049.1	Cry28Aa2	99.1	348	3	0	1	348	273	620	7.0e-202	696.0
OTY84534.1;NFDR01000146.1	Cry1Gb2	100.0	342	0	0	1	342	253	594	3.4e-201	693.7
WP_081283890.1;NZ_NFCY01000015.1	Cry7Ia1	100.0	337	0	0	1	337	321	657	7.7e-198	682.6
WP_080989246.1;NZ_CP010111.1	Cry7Fb2	100.0	364	0	0	1	364	302	665	3.4e-215	740.3
WP_000203376.1;NZ_CM000748.1	Cry1Ba1	100.0	358	0	0	1	358	278	635	1.3e-211	728.4
EXY04526.1;JEOF01000173.1	Cry1Cb1	100.0	342	0	0	1	342	283	624	2.4e-194	671.0
OTZ77559.1;NFEH01000037.1	Cry7Ab2	99.7	351	1	0	1	351	286	636	1.3e-208	718.4
OIX18506.1;MOXQ01000033.1	Cry1Ca11	100.0	352	0	0	1	352	261	612	3.2e-210	723.8
WP_033698561.1;NZ_NFEE01000112.1	Cry1Cb1	100.0	342	0	0	1	342	283	624	2.4e-194	671.0
OTY10661.1;NFDH01000063.1	Cry7Ka1	100.0	344	0	0	1	344	288	631	2.1e-203	701.0
AJK37978.1;CP009999.1	Cry1Aa11	100.0	347	0	0	1	347	259	605	1.7e-200	691.4
WP_033700083.1;NZ_NFEE01000194.1	Cry1Ib3	100.0	357	0	0	1	357	287	643	5.8e-212	729.6
WP_103591151.1;NZ_PGEE01000007.1	Cry69Aa1	36.1	374	215	13	1	360	303	666	1.9e-48	186.4
WP_012211099.1;NC_010076.1	Cry4Ba1	100.0	350	0	0	1	350	284	633	5.5e-199	686.4
OTY27007.1;NFDK01000027.1	Cry7Ia1	100.0	337	0	0	1	337	321	657	7.7e-198	682.6
PNK40029.1;NHNR01000189.1	Cry1Da3	100.0	334	0	0	1	334	258	591	4.6e-195	673.3
AND28677.1;CP013279.1	Cry4Aa1	100.0	356	0	0	1	356	322	677	1.3e-208	718.4
WP_012211114.1;NC_018510.1	Cry4Aa1	100.0	356	0	0	1	356	322	677	1.3e-208	718.4
WP_016090366.1;NZ_CP013056.1	Cry1Ac13	100.0	349	0	0	1	349	259	607	2.2e-203	701.0
WP_042596188.1;NZ_JTHH01000008.1	Cry1Ia18	100.0	357	0	0	1	357	287	643	2.6e-212	730.7
PHQ17458.1;NHPK02000168.1	Cry9Ea1	100.0	348	0	0	1	348	303	650	6.3e-203	699.5
OUA34007.1;NFEQ01000251.1	Cry1Ia11	100.0	357	0	0	1	357	287	643	1.2e-212	731.9
OTW90757.1;NFCN01000104.1	Cry1Ie2	100.0	357	0	0	1	357	287	643	3.8e-211	726.9
WP_042991627.1;NZ_CP010090.1	Cry1Da1	100.0	334	0	0	1	334	258	591	4.6e-195	673.3
OUA13599.1;NFEN01000240.1	Cry1Ca11	100.0	352	0	0	1	352	261	612	3.2e-210	723.8
WP_000369821.1;NZ_CP010092.1	Cry1Ac10	100.0	350	0	0	1	350	259	608	3.4e-204	703.7
WP_042991625.1;NZ_NFEP01000093.1	Cry1Ca11	100.0	352	0	0	1	352	261	612	3.2e-210	723.8
OTY98193.1;NFDX01000152.1	Cry1Aa11	100.0	347	0	0	1	347	259	605	1.7e-200	691.4
WP_087976760.1;NZ_NFEE01000139.1	Cry1Ab12	100.0	348	0	0	1	348	259	606	2.0e-201	694.5
OXR53711.1;NHZG01000036.1	Cry1Ia11	100.0	357	0	0	1	357	287	643	1.2e-212	731.9
WP_000837623.1;NZ_NFEB01000036.1	Cry1Id1	100.0	357	0	0	1	357	287	643	1.3e-211	728.4
WP_081283890.1;NZ_NFDB01000015.1	Cry7Ia1	100.0	337	0	0	1	337	321	657	7.7e-198	682.6
OTZ32741.1;NFEC01000097.1	Cry1Ka2	100.0	353	0	0	1	353	257	609	1.9e-207	714.5
PEE68563.1;NVKK01000038.1	Cry8Ja1	53.4	371	154	8	1	360	297	659	5.5e-101	360.9
WP_042991625.1;NZ_NFES01000208.1	Cry1Ca11	100.0	352	0	0	1	352	261	612	3.2e-210	723.8
OUA22636.1;NFEP01000092.1	Cry1Aa11	100.0	347	0	0	1	347	259	605	1.7e-200	691.4
OUA13601.1;NFEN01000240.1	Cry1Da1	100.0	334	0	0	1	334	258	591	4.6e-195	673.3
OTX56884.1;NFCZ01000023.1	Cry7Ba1	100.0	358	0	0	1	358	294	651	1.1e-210	725.3
WP_042970271.1;NZ_CP004876.1	Cry1Aa11	100.0	347	0	0	1	347	259	605	1.7e-200	691.4
PGE54614.1;NVJS01000099.1	Cry1Ia11	100.0	357	0	0	1	357	287	643	1.2e-212	731.9
WP_000203376.1;NZ_NFCE01000025.1	Cry1Ba1	100.0	358	0	0	1	358	278	635	1.3e-211	728.4
WP_088118889.1;NZ_NFDL01000014.1	Cry8Ac1	100.0	378	0	0	1	378	298	675	7.3e-221	759.2
OTY81131.1;NFDR01000187.1	Cry1Fb1	100.0	342	0	0	1	342	257	598	3.0e-205	707.2
WP_000203375.1;NZ_NFEC01000118.1	Cry1Bb1	100.0	357	0	0	1	357	283	639	5.8e-212	729.6
WP_033700089.1;NZ_PGDZ01000165.1	Cry1Fb1	100.0	342	0	0	1	342	257	598	3.0e-205	707.2
WP_086391486.1;NZ_NFEH01000037.1	Cry7Ab2	99.7	351	1	0	1	351	286	636	1.3e-208	718.4
WP_000837623.1;NZ_NHNR01000094.1	Cry1Id1	100.0	357	0	0	1	357	287	643	1.3e-211	728.4
WP_033700089.1;NZ_NFDR01000187.1	Cry1Fb1	100.0	342	0	0	1	342	257	598	3.0e-205	707.2
WP_042991627.1;NZ_NFEQ01000251.1	Cry1Da1	100.0	334	0	0	1	334	258	591	4.6e-195	673.3
WP_103591619.1;NZ_PGEE01000040.1	Cry69Ab1	33.7	380	217	12	1	360	303	667	3.2e-48	185.7
WP_102957143.1;NZ_NHNS01000079.1	Cry8Ga2	100.0	359	0	0	1	359	297	655	1.1e-210	725.3
WP_000369823.1;NC_017203.1	Cry1Aa11	100.0	347	0	0	1	347	259	605	1.7e-200	691.4
AMR88563.1;CP014853.1	Cry1Bb1	100.0	357	0	0	1	357	283	639	5.8e-212	729.6
WP_098223240.1;NZ_NUUZ01000224.1	Cry69Ab1	43.3	379	181	16	1	359	303	667	5.0e-62	231.5
EXY05450.1;JEOF01000094.1	Cry1Ib3	100.0	357	0	0	1	357	287	643	5.8e-212	729.6
PEU83535.1;NTVJ01000125.1	Cry69Ab1	43.3	379	181	16	1	359	303	667	5.0e-62	231.5
WP_086402512.1;NZ_PGSB01000969.1	Cry1Ea10	100.0	340	0	0	1	340	258	597	7.8e-198	682.6
PNK41517.1;NHNQ01000159.1	Cry1Ia11	100.0	357	0	0	1	357	287	643	1.2e-212	731.9
WP_088065286.1;NZ_NFEP01000093.1	Cry1Da1	98.5	334	0	1	1	329	258	591	4.4e-190	656.8
AJA23506.1;CP010091.1	Cry1Aa11	100.0	347	0	0	1	347	259	605	1.7e-200	691.4
WP_088010490.1;NZ_NFDR01000064.1	Cry1Ab12	100.0	348	0	0	1	348	259	606	2.0e-201	694.5
WP_014990381.1;NC_018685.1	Cry69Aa1	100.0	362	0	0	1	362	305	666	1.5e-215	741.5
EXY04520.1;JEOF01000175.1	Cry1Ga1	100.0	339	0	0	1	339	253	591	3.1e-199	687.2
OUA77719.1;NFEV01000132.1	Cry9Ea1	100.0	348	0	0	1	348	303	650	6.3e-203	699.5
WP_033698688.1;NZ_KK088306.1	Cry1Gb2	100.0	342	0	0	1	342	253	594	3.4e-201	693.7
OUA20999.1;NFEO01000107.1	Cry1Aa11	100.0	347	0	0	1	347	259	605	1.7e-200	691.4
WP_021727542.1;NZ_NFES01000054.1	Cry9Ea1	100.0	348	0	0	1	348	303	650	6.3e-203	699.5
OTW51792.1;NFCH01000188.1	Cry1Fb1	100.0	342	0	0	1	342	257	598	3.0e-205	707.2
WP_097987934.1;NZ_NVKK01000038.1	Cry8Ja1	53.4	371	154	8	1	360	297	659	5.5e-101	360.9
WP_000769223.1;NZ_NFEP01000093.1	Cry1Ia11	100.0	357	0	0	1	357	287	643	1.2e-212	731.9
AKJ62790.1;CP011350.1	Cry1Aa11	100.0	347	0	0	1	347	259	605	1.7e-200	691.4
WP_103597599.1;NZ_PGEB01000287.1	Cry1Ia11	100.0	357	0	0	1	357	287	643	1.2e-212	731.9
AND28678.1;CP013279.1	Cry10Aa3	100.0	342	0	0	1	342	308	649	2.0e-201	694.5
AMR88578.1;CP014853.1	Cry1Da3	100.0	334	0	0	1	334	258	591	4.6e-195	673.3
EXY04555.1;KK088281.1	Cry1Ab12	100.0	348	0	0	1	348	259	606	2.0e-201	694.5
WP_074644113.1;NZ_NFDY01000165.1	Cry1Ac13	100.0	349	0	0	1	349	259	607	2.2e-203	701.0
EXY04803.1;KK088255.1	Cry1Bd1	100.0	360	0	0	1	360	283	642	2.6e-196	677.6
PNK46492.1;NHNR01000027.1	Cry1Hb1	100.0	340	0	0	1	340	256	595	6.4e-200	689.5
OUA67406.1;NFEU01000196.1	Cry1Ia11	100.0	357	0	0	1	357	287	643	1.2e-212	731.9
OUA34014.1;NFEQ01000251.1	Cry1Da1	100.0	334	0	0	1	334	258	591	4.6e-195	673.3
PGY73908.1;NUPG01000083.1	Cry69Ab1	43.3	379	181	16	1	359	303	667	5.0e-62	231.5
PER42111.1;NTYF01000198.1	Cry69Ab1	43.3	379	181	16	1	359	303	667	5.0e-62	231.5
OTW51776.1;NFCH01000190.1	Cry1Ib3	100.0	357	0	0	1	357	287	643	5.8e-212	729.6
OTW46212.1;NFCF01000088.1	Cry7Ab4	100.0	351	0	0	1	351	286	636	5.4e-210	723.0
AGU13856.1;KC156691.1	Cry32Na1	100.0	376	0	0	1	376	314	689	3.5e-223	766.9
OTX23942.1;NFCQ01000021.1	Cry1Ie2	100.0	357	0	0	1	357	287	643	3.8e-211	726.9
WP_033700089.1;NZ_NFDO01000120.1	Cry1Fb1	100.0	342	0	0	1	342	257	598	3.0e-205	707.2
OTZ20302.1;NFDZ01000270.1	Cry1Ia11	100.0	357	0	0	1	357	287	643	1.2e-212	731.9
WP_033700085.1;NZ_NFDR01000187.1	Cry1Db1	100.0	334	0	0	1	334	258	591	6.1e-195	672.9
WP_080990951.1;NZ_CP012101.1	Cry69Ab1	100.0	363	0	0	1	363	305	667	5.4e-213	733.0
OTW70715.1;NFCL01000030.1	Cry7Ia1	100.0	337	0	0	1	337	321	657	7.7e-198	682.6
WP_042991625.1;NZ_NFDV01000264.1	Cry1Ca11	100.0	352	0	0	1	352	261	612	3.2e-210	723.8
WP_098223240.1;NZ_NVEK01000319.1	Cry69Ab1	43.3	379	181	16	1	359	303	667	5.0e-62	231.5
OUA02994.1;NFEI01000051.1	Cry1Ia11	100.0	357	0	0	1	357	287	643	1.2e-212	731.9
ARV91367.1;CP017574.1	Cry7Ba1	100.0	358	0	0	1	358	294	651	1.1e-210	725.3
PNK41404.1;NHNR01000128.1	Cry1Ka2	100.0	353	0	0	1	353	257	609	1.9e-207	714.5
OTZ48089.1;NFDZ01000007.1	Cry1Ac13	100.0	349	0	0	1	349	259	607	2.2e-203	701.0
OTZ53849.1;NFEB01000036.1	Cry1Bb1	100.0	357	0	0	1	357	283	639	5.8e-212	729.6
OTZ18389.1;NFDY01000107.1	Cry1Ea10	100.0	340	0	0	1	340	258	597	7.8e-198	682.6
WP_000769223.1;NZ_NHZG01000036.1	Cry1Ia11	100.0	357	0	0	1	357	287	643	1.2e-212	731.9
WP_086426923.1;NZ_NFCL01000030.1	Cry7Ba1	100.0	358	0	0	1	358	294	651	1.1e-210	725.3
WP_087976760.1;NZ_NFCH01000189.1	Cry1Ab12	100.0	348	0	0	1	348	259	606	2.0e-201	694.5
RBN53067.1;QNUR01000115.1	Cry1Ca11	100.0	352	0	0	1	352	261	612	3.2e-210	723.8
WP_086407066.1;NZ_NFCQ01000021.1	Cry1Ie2	100.0	357	0	0	1	357	287	643	3.8e-211	726.9
AFU17354.1;CP003692.1	Cry53Ab1	100.0	343	0	0	1	343	300	642	2.7e-206	710.7
AYF84829.1;CP032609.1	Cry8Fa1	100.0	369	0	0	1	369	293	661	2.0e-215	741.1
WP_000769223.1;NZ_MOXQ01000033.1	Cry1Ia11	100.0	357	0	0	1	357	287	643	1.2e-212	731.9
OTZ15903.1;NFDY01000139.1	Cry1Ia23	100.0	357	0	0	1	357	287	643	1.5e-212	731.5
WP_000369823.1;NZ_NFDV01000214.1	Cry1Aa11	100.0	347	0	0	1	347	259	605	1.7e-200	691.4
WP_086407066.1;NZ_NFCN01000104.1	Cry1Ie2	100.0	357	0	0	1	357	287	643	3.8e-211	726.9
WP_086402512.1;NZ_NFDY01000107.1	Cry1Ea10	100.0	340	0	0	1	340	258	597	7.8e-198	682.6
WP_000369821.1;NZ_JWJY01000059.1	Cry1Ac10	100.0	350	0	0	1	350	259	608	3.4e-204	703.7
WP_106001067.1;NZ_PVMD01000147.1	Cry1Fa1	100.0	344	0	0	1	344	257	600	2.1e-206	711.1
WP_000769223.1;NZ_NFDZ01000270.1	Cry1Ia11	100.0	357	0	0	1	357	287	643	1.2e-212	731.9
WP_102947921.1;NZ_NHNO01000112.1	Cry8Fa1	100.0	369	0	0	1	369	293	661	2.0e-215	741.1
OTW70710.1;NFCL01000030.1	Cry7Ba1	100.0	358	0	0	1	358	294	651	1.1e-210	725.3
OTW56025.1;NFCH01000147.1	Cry1Ga1	100.0	339	0	0	1	339	253	591	3.1e-199	687.2
EXY04520.1;KK088289.1	Cry1Ga1	100.0	339	0	0	1	339	253	591	3.1e-199	687.2
WP_086426923.1;NZ_CP017574.1	Cry7Ba1	100.0	358	0	0	1	358	294	651	1.1e-210	725.3
WP_086421749.1;NZ_PGEC01000229.1	Cry1Ka2	100.0	353	0	0	1	353	257	609	1.9e-207	714.5
WP_086407066.1;NZ_NFCM01000085.1	Cry1Ie2	100.0	357	0	0	1	357	287	643	3.8e-211	726.9
OTZ46390.1;NFEE01000167.1	Cry1Ga1	100.0	339	0	0	1	339	253	591	3.1e-199	687.2
PEU91245.1;NTVJ01000032.1	Cry68Aa1	92.3	349	27	0	1	349	305	653	5.6e-183	633.3
WP_042991627.1;NZ_NFDW01000121.1	Cry1Da1	100.0	334	0	0	1	334	258	591	4.6e-195	673.3
WP_000769223.1;NZ_CP004861.1	Cry1Ia11	100.0	357	0	0	1	357	287	643	1.2e-212	731.9
WP_000769223.1;NZ_ARXZ02000029.1	Cry1Ia11	100.0	357	0	0	1	357	287	643	1.2e-212	731.9
WP_042991627.1;NZ_NFEU01000196.1	Cry1Da1	100.0	334	0	0	1	334	258	591	4.6e-195	673.3
WP_033698534.1;NZ_KK088281.1	Cry1Ab12	100.0	348	0	0	1	348	259	606	2.0e-201	694.5
PGY64183.1;NUPG01000186.1	Cry68Aa1	92.3	349	27	0	1	349	305	653	5.6e-183	633.3
OTZ53632.1;NFEE01000106.1	Cry1Bd1	100.0	360	0	0	1	360	283	642	2.6e-196	677.6
OTZ43567.1;NFEE01000194.1	Cry1Ib3	100.0	357	0	0	1	357	287	643	5.8e-212	729.6
AGU13834.1;KC156669.1	Cry7Ga2	100.0	362	0	0	1	362	267	628	3.8e-211	726.9
WP_042991625.1;NZ_NFDW01000121.1	Cry1Ca11	100.0	352	0	0	1	352	261	612	3.2e-210	723.8
WP_086426923.1;NZ_NFDB01000015.1	Cry7Ba1	100.0	358	0	0	1	358	294	651	1.1e-210	725.3
WP_080989241.1;NZ_CP010111.1	Cry7Ga2	100.0	362	0	0	1	362	267	628	3.8e-211	726.9
WP_087988129.1;NZ_NFDO01000190.1	Cry1Gb2	100.0	342	0	0	1	342	253	594	3.4e-201	693.7
WP_000769223.1;NZ_JWST01000018.1	Cry1Ia11	100.0	357	0	0	1	357	287	643	1.2e-212	731.9
WP_062804551.1;NZ_CP014852.1	Cry1Fb6	100.0	342	0	0	1	342	257	598	1.7e-205	708.0
WP_033700083.1;NZ_KK088376.1	Cry1Ib3	100.0	357	0	0	1	357	287	643	5.8e-212	729.6
OTZ30110.1;NFEC01000118.1	Cry1Bb1	100.0	357	0	0	1	357	283	639	5.8e-212	729.6
WP_033700089.1;NZ_NFEE01000193.1	Cry1Fb1	100.0	342	0	0	1	342	257	598	3.0e-205	707.2
WP_000769223.1;NC_020384.1	Cry1Ia11	100.0	357	0	0	1	357	287	643	1.2e-212	731.9
WP_033698198.1;NZ_KK088255.1	Cry1Bd1	100.0	360	0	0	1	360	283	642	2.6e-196	677.6
PQQ47595.1;PUWY01000071.1	Cry1Ie2	77.3	357	80	1	1	356	287	643	8.5e-163	566.2
OTY76348.1;NFDU01000248.1	Cry1Ca11	100.0	352	0	0	1	352	261	612	3.2e-210	723.8
AMR88428.1;CP014852.1	Cry1Fb6	100.0	342	0	0	1	342	257	598	1.7e-205	708.0
PFI05053.1;NUUZ01000131.1	Cry68Aa1	52.7	355	150	6	4	348	308	654	1.5e-90	326.2
OUA67411.1;NFEU01000196.1	Cry1Ca11	100.0	352	0	0	1	352	261	612	3.2e-210	723.8
AKJ62760.1;CP011350.1	Cry1Ac13	100.0	349	0	0	1	349	259	607	2.2e-203	701.0
OTX40985.1;NFCS01000017.1	Cry1Ac13	100.0	349	0	0	1	349	259	607	2.2e-203	701.0
WP_033698569.1;NZ_KK088289.1	Cry1Ga1	100.0	339	0	0	1	339	253	591	3.1e-199	687.2
WP_053514599.1;NZ_NFCS01000163.1	Cry1Ia23	100.0	357	0	0	1	357	287	643	1.5e-212	731.5
WP_102947907.1;NZ_NHNO01000078.1	Cry8Ea3	100.0	355	0	0	1	355	297	651	1.1e-207	715.3
KQB17992.1;LIIT01000238.1	Cry10Aa3	100.0	342	0	0	1	342	308	649	2.0e-201	694.5
OUA21007.1;NFEO01000107.1	Cry1Da1	100.0	334	0	0	1	334	258	591	4.6e-195	673.3
WP_000769223.1;NZ_NFES01000208.1	Cry1Ia11	100.0	357	0	0	1	357	287	643	1.2e-212	731.9
WP_000769223.1;NZ_PGEH01000276.1	Cry1Ia11	100.0	357	0	0	1	357	287	643	1.2e-212	731.9
WP_033698561.1;NZ_NFCH01000171.1	Cry1Cb1	100.0	342	0	0	1	342	283	624	2.4e-194	671.0
WP_086412479.1;NZ_NFDT01000220.1	Cry1Ba1	100.0	358	0	0	1	358	278	635	1.3e-211	728.4
WP_000769223.1;NZ_NFEI01000051.1	Cry1Ia11	100.0	357	0	0	1	357	287	643	1.2e-212	731.9
OTX17809.1;NFCS01000163.1	Cry1Ia23	100.0	357	0	0	1	357	287	643	1.5e-212	731.5
WP_000369823.1;NZ_NFEP01000092.1	Cry1Aa11	100.0	347	0	0	1	347	259	605	1.7e-200	691.4
OTX78579.1;NFCT01000009.1	Cry4Aa1	100.0	356	0	0	1	356	322	677	1.3e-208	718.4
OTZ53847.1;NFEB01000036.1	Cry1Hb1	100.0	340	0	0	1	340	256	595	6.4e-200	689.5
WP_021727542.1;NZ_NFDX01000153.1	Cry9Ea1	100.0	348	0	0	1	348	303	650	6.3e-203	699.5
OTZ05477.1;NFDV01000214.1	Cry1Ia11	100.0	357	0	0	1	357	287	643	1.2e-212	731.9
OTX02121.1;NFCK01000054.1	Cry7Ab4	100.0	351	0	0	1	351	286	636	5.4e-210	723.0
EXY05452.1;JEOF01000094.1	Cry1Fb1	100.0	342	0	0	1	342	257	598	3.0e-205	707.2
WP_040120006.1;NZ_CP007614.1	Cry1Ac10	100.0	350	0	0	1	350	259	608	3.4e-204	703.7
PFH99374.1;NUUZ01000224.1	Cry69Ab1	43.3	379	181	16	1	359	303	667	5.0e-62	231.5
WP_042991625.1;NZ_NFEU01000196.1	Cry1Ca11	100.0	352	0	0	1	352	261	612	3.2e-210	723.8
WP_000769223.1;NZ_NUTX01000397.1	Cry1Ia11	100.0	357	0	0	1	357	287	643	1.2e-212	731.9
WP_042991625.1;NZ_NFEV01000141.1	Cry1Ca11	100.0	352	0	0	1	352	261	612	3.2e-210	723.8
WP_102981977.1;NZ_NHNR01000189.1	Cry1Da3	100.0	334	0	0	1	334	258	591	4.6e-195	673.3
WP_042596188.1;NZ_PGEC01000153.1	Cry1Ia18	100.0	357	0	0	1	357	287	643	2.6e-212	730.7
WP_088065221.1;NZ_NFDH01000100.1	Cry7Gc1	100.0	362	0	0	1	362	282	643	2.1e-209	721.1
WP_087988120.1;NZ_NFDO01000120.1	Cry1Db1	100.0	334	0	0	1	334	258	591	6.1e-195	672.9
WP_103622992.1;NZ_QAPB01000043.1	Cry8Ib2	99.7	369	1	0	1	369	315	683	3.0e-219	753.8
WP_000369823.1;NZ_CP007615.1	Cry1Aa11	100.0	347	0	0	1	347	259	605	1.7e-200	691.4
WP_021727542.1;NZ_NFEP01000023.1	Cry9Ea1	100.0	348	0	0	1	348	303	650	6.3e-203	699.5
OTX71499.1;NFDB01000015.1	Cry7Ia1	100.0	337	0	0	1	337	321	657	7.7e-198	682.6
OTY88175.1;NFDR01000097.1	Cry1Bd1	100.0	360	0	0	1	360	283	642	2.6e-196	677.6
WP_000369821.1;NC_020249.1	Cry1Ac10	100.0	350	0	0	1	350	259	608	3.4e-204	703.7
WP_042991625.1;NZ_NFEN01000240.1	Cry1Ca11	100.0	352	0	0	1	352	261	612	3.2e-210	723.8
AQY42687.1;CP020005.1	Cry1Bd1	100.0	360	0	0	1	360	283	642	2.6e-196	677.6
OUA76866.1;NFEV01000141.1	Cry1Ca11	100.0	352	0	0	1	352	261	612	3.2e-210	723.8
WP_000769223.1;NZ_CP011350.1	Cry1Ia11	100.0	357	0	0	1	357	287	643	1.2e-212	731.9
AGU13813.1;KC156648.1	Cry1Na1	100.0	543	0	0	1	543	86	628	0.0e+00	1114.8
WP_000203375.1;NZ_CM000758.1	Cry1Bb1	100.0	357	0	0	1	357	283	639	5.8e-212	729.6
WP_063676659.1;NZ_CP015177.1	Cry1Ae1	100.0	348	0	0	1	348	259	606	9.1e-202	695.7
OUA02427.1;NFEM01000074.1	Cry1Ea10	100.0	340	0	0	1	340	258	597	7.8e-198	682.6
PEU81077.1;NTVJ01000148.1	Cry68Aa1	52.7	355	150	6	4	348	308	654	1.5e-90	326.2
WP_000769223.1;NZ_NUFO01000009.1	Cry1Ia11	100.0	357	0	0	1	357	287	643	1.2e-212	731.9
OUA22582.1;NFEP01000093.1	Cry1Da1	98.5	334	0	1	1	329	258	591	4.4e-190	656.8
OTZ98517.1;NFEK01000052.1	Cry1Ea10	100.0	340	0	0	1	340	258	597	7.8e-198	682.6
WP_033698561.1;NZ_PGDZ01000245.1	Cry1Cb1	100.0	342	0	0	1	342	283	624	2.4e-194	671.0
WP_103653055.1;NZ_PGDR01000108.1	Cry8Ca1	100.0	361	0	0	1	361	298	658	5.2e-208	716.5
ACQ99547.1;FJ938111.1	Cry7Da1	100.0	354	0	0	1	354	284	637	4.7e-206	709.9
OTX71494.1;NFDB01000015.1	Cry7Ba1	100.0	358	0	0	1	358	294	651	1.1e-210	725.3
WP_000769223.1;NZ_NUCJ01000100.1	Cry1Ia11	100.0	357	0	0	1	357	287	643	1.2e-212	731.9
WP_098223361.1;NZ_NTVJ01000148.1	Cry68Aa1	52.7	355	150	6	4	348	308	654	1.5e-90	326.2
OTY80983.1;NFDR01000193.1	Cry1Cb1	100.0	342	0	0	1	342	283	624	2.4e-194	671.0
WP_000769223.1;NZ_NHPK02000153.1	Cry1Ia11	100.0	357	0	0	1	357	287	643	1.2e-212	731.9
AGU13859.1;KC156694.1	Cry20Ba2	100.0	343	0	0	1	343	301	643	1.6e-198	684.9
WP_053512334.1;NZ_NFCS01000017.1	Cry1Ac13	100.0	349	0	0	1	349	259	607	2.2e-203	701.0
PNK42253.1;NHNR01000094.1	Cry1Ja2	100.0	336	0	0	1	336	258	593	3.2e-196	677.2
WP_098223361.1;NZ_NUUZ01000131.1	Cry68Aa1	52.7	355	150	6	4	348	308	654	1.5e-90	326.2
WP_040120006.1;NZ_CP004868.1	Cry1Ac10	100.0	350	0	0	1	350	259	608	3.4e-204	703.7
WP_088065220.1;NZ_NFDH01000100.1	Cry7Cb1	40.4	381	205	11	1	365	329	703	1.5e-69	256.5
WP_042991627.1;NZ_NFEO01000107.1	Cry1Da1	100.0	334	0	0	1	334	258	591	4.6e-195	673.3
WP_000369823.1;NZ_NFER01000141.1	Cry1Aa11	100.0	347	0	0	1	347	259	605	1.7e-200	691.4
OUA32933.1;NFES01000208.1	Cry1Ia11	100.0	357	0	0	1	357	287	643	1.2e-212	731.9
WP_000203376.1;NZ_CM000753.1	Cry1Ba1	100.0	358	0	0	1	358	278	635	1.3e-211	728.4
EXY04468.1;JEOF01000190.1	Cry1Gb2	100.0	342	0	0	1	342	253	594	3.4e-201	693.7
WP_000203376.1;NZ_CP021063.1	Cry1Ba1	100.0	358	0	0	1	358	278	635	1.3e-211	728.4
RNG36219.1;RIBV01000230.1	Cry3Aa12	100.0	349	0	0	1	349	295	643	1.9e-207	714.5
WP_033698198.1;NZ_NFEE01000106.1	Cry1Bd1	100.0	360	0	0	1	360	283	642	2.6e-196	677.6
WP_033698561.1;NZ_KK088287.1	Cry1Cb1	100.0	342	0	0	1	342	283	624	2.4e-194	671.0
PGH98789.1;NUFO01000053.1	Cry1Ba1	100.0	358	0	0	1	358	278	635	1.3e-211	728.4
WP_000203376.1;NC_017202.1	Cry1Ba1	100.0	358	0	0	1	358	278	635	1.3e-211	728.4
WP_033698561.1;NZ_NFDO01000214.1	Cry1Cb1	100.0	342	0	0	1	342	283	624	2.4e-194	671.0
WP_065212003.1;NZ_LILG01000027.1	Cry7Ba1	100.0	358	0	0	1	358	294	651	1.1e-210	725.3
WP_042991627.1;NZ_NFES01000208.1	Cry1Da1	100.0	334	0	0	1	334	258	591	4.6e-195	673.3
OTY85625.1;NFDT01000220.1	Cry1Ba1	100.0	358	0	0	1	358	278	635	1.3e-211	728.4
WP_000203375.1;NZ_PGEC01000154.1	Cry1Bb1	100.0	357	0	0	1	357	283	639	5.8e-212	729.6
WP_000769223.1;NZ_CP009999.1	Cry1Ia11	100.0	357	0	0	1	357	287	643	1.2e-212	731.9
AMR88565.1;CP014853.1	Cry1Ab18	100.0	348	0	0	1	348	259	606	3.5e-201	693.7
WP_033698569.1;NZ_NFCH01000147.1	Cry1Ga1	100.0	339	0	0	1	339	253	591	3.1e-199	687.2
PHG55433.1;NUUL01000006.1	Cry1Ia11	100.0	357	0	0	1	357	287	643	1.2e-212	731.9
WP_103595476.1;NZ_PGDZ01000182.1	Cry1Ab12	100.0	348	0	0	1	348	259	606	2.0e-201	694.5
PNK41087.1;NHNQ01000187.1	Cry9Ea1	100.0	348	0	0	1	348	303	650	6.3e-203	699.5
ARP61819.1;CP021065.1	Cry1Ab12	100.0	348	0	0	1	348	259	606	2.0e-201	694.5
OTZ00152.1;NFDV01000264.1	Cry1Ca11	100.0	352	0	0	1	352	261	612	3.2e-210	723.8
OTZ11691.1;NFDW01000165.1	Cry9Ea1	100.0	348	0	0	1	348	303	650	6.3e-203	699.5
OUA32938.1;NFES01000208.1	Cry1Ca11	100.0	352	0	0	1	352	261	612	3.2e-210	723.8
OTY85311.1;NFDR01000140.1	Cry1Ga1	100.0	339	0	0	1	339	253	591	3.1e-199	687.2
PGK06244.1;NUFO01000009.1	Cry1Aa11	100.0	347	0	0	1	347	259	605	1.7e-200	691.4
WP_062804551.1;NZ_PGEC01000110.1	Cry1Fb6	100.0	342	0	0	1	342	257	598	1.7e-205	708.0
OTZ53868.1;NFEB01000036.1	Cry1Da3	100.0	334	0	0	1	334	258	591	4.6e-195	673.3
OTZ63029.1;NFEE01000025.1	Cry1Gb2	100.0	342	0	0	1	342	253	594	3.4e-201	693.7
PHF50513.1;NUTX01000397.1	Cry1Ia11	100.0	357	0	0	1	357	287	643	1.2e-212	731.9
OUA36885.1;NFER01000141.1	Cry1Ia11	100.0	357	0	0	1	357	287	643	1.2e-212	731.9
WP_042991627.1;NZ_NFEV01000141.1	Cry1Da1	100.0	334	0	0	1	334	258	591	4.6e-195	673.3
OXR51181.1;NHZG01000143.1	Cry9Ea1	100.0	348	0	0	1	348	303	650	6.3e-203	699.5
WP_080775509.1;NZ_JTHH01000008.1	Cry1Ka2	100.0	353	0	0	1	353	257	609	1.9e-207	714.5
OTY63536.1;NFDO01000120.1	Cry1Db1	100.0	334	0	0	1	334	258	591	6.1e-195	672.9
AQY42679.1;CP020005.1	Cry1Ab34	100.0	348	0	0	1	348	259	606	1.2e-201	695.3
WP_103622992.1;NZ_PGEF01000158.1	Cry8Ib2	99.7	369	1	0	1	369	315	683	3.0e-219	753.8
WP_012211114.1;NC_010076.1	Cry4Aa1	100.0	356	0	0	1	356	322	677	1.3e-208	718.4
WP_086402512.1;NZ_PGSB01000044.1	Cry1Ea10	100.0	340	0	0	1	340	258	597	7.8e-198	682.6
WP_000369821.1;NZ_NFEP01000082.1	Cry1Ac10	100.0	350	0	0	1	350	259	608	3.4e-204	703.7
WP_000369823.1;NZ_NFDX01000152.1	Cry1Aa11	100.0	347	0	0	1	347	259	605	1.7e-200	691.4
OTY63537.1;NFDO01000120.1	Cry1Fb1	100.0	342	0	0	1	342	257	598	3.0e-205	707.2
OTY31851.1;NFDJ01000115.1	Cry28Aa2	99.1	348	3	0	1	348	273	620	7.0e-202	696.0
OUA22580.1;NFEP01000093.1	Cry1Ca11	100.0	352	0	0	1	352	261	612	3.2e-210	723.8
WP_000769223.1;NZ_NUUL01000006.1	Cry1Ia11	100.0	357	0	0	1	357	287	643	1.2e-212	731.9
WP_000769223.1;NZ_NVJS01000099.1	Cry1Ia11	100.0	357	0	0	1	357	287	643	1.2e-212	731.9
OTZ15274.1;NFDW01000121.1	Cry1Ca11	100.0	352	0	0	1	352	261	612	3.2e-210	723.8
OTY98192.1;NFDX01000152.1	Cry1Ia11	100.0	357	0	0	1	357	287	643	1.2e-212	731.9
OTZ48347.1;NFEE01000139.1	Cry1Ab12	100.0	348	0	0	1	348	259	606	2.0e-201	694.5
OUA67413.1;NFEU01000196.1	Cry1Da1	100.0	334	0	0	1	334	258	591	4.6e-195	673.3
WP_000769223.1;NZ_NFDX01000152.1	Cry1Ia11	100.0	357	0	0	1	357	287	643	1.2e-212	731.9
AGU13827.1;KC156662.1	Cry8Ac1	100.0	378	0	0	1	378	298	675	7.3e-221	759.2
OTZ92959.1;NFEM01000156.1	Cry1Ia23	100.0	357	0	0	1	357	287	643	1.5e-212	731.5
OTZ43629.1;NFEE01000193.1	Cry1Db1	100.0	334	0	0	1	334	258	591	6.1e-195	672.9
OTZ39194.1;NFEC01000033.1	Cry1Fb6	100.0	342	0	0	1	342	257	598	1.7e-205	708.0
PGK06243.1;NUFO01000009.1	Cry1Ia11	100.0	357	0	0	1	357	287	643	1.2e-212	731.9
WP_042991625.1;NZ_CP010090.1	Cry1Ca11	100.0	352	0	0	1	352	261	612	3.2e-210	723.8
WP_000369821.1;NZ_CM000751.1	Cry1Ac10	100.0	350	0	0	1	350	259	608	3.4e-204	703.7
AJK38183.1;CP009999.1	Cry1Ac13	100.0	349	0	0	1	349	259	607	2.2e-203	701.0
WP_053514599.1;NZ_NFEM01000156.1	Cry1Ia23	100.0	357	0	0	1	357	287	643	1.5e-212	731.5
WP_012211099.1;NC_018510.1	Cry4Ba1	100.0	350	0	0	1	350	284	633	5.5e-199	686.4
WP_021727542.1;NZ_NFDW01000165.1	Cry9Ea1	100.0	348	0	0	1	348	303	650	6.3e-203	699.5
WP_000203375.1;NZ_CP014853.1	Cry1Bb1	100.0	357	0	0	1	357	283	639	5.8e-212	729.6
OTX77050.1;NFCW01000018.1	Cry28Aa2	99.1	348	3	0	1	348	273	620	7.0e-202	696.0
OUA32940.1;NFES01000208.1	Cry1Da1	100.0	334	0	0	1	334	258	591	4.6e-195	673.3
WP_053514599.1;NZ_NFDY01000139.1	Cry1Ia23	100.0	357	0	0	1	357	287	643	1.5e-212	731.5
WP_086426923.1;NZ_NFDK01000027.1	Cry7Ba1	100.0	358	0	0	1	358	294	651	1.1e-210	725.3
OTZ15276.1;NFDW01000121.1	Cry1Da1	100.0	334	0	0	1	334	258	591	4.6e-195	673.3
AGU13870.1;KC156705.1	Cry32Pa1	100.0	345	0	0	1	345	324	668	2.4e-210	724.2
WP_042991625.1;NZ_PVMD01000147.1	Cry1Ca11	100.0	352	0	0	1	352	261	612	3.2e-210	723.8
OTY54786.1;NFDO01000198.1	Cry1Ab12	100.0	348	0	0	1	348	259	606	2.0e-201	694.5
RBN52662.1;QNUR01000153.1	Cry1Ia11	100.0	357	0	0	1	357	287	643	1.2e-212	731.9
EXY04468.1;KK088306.1	Cry1Gb2	100.0	342	0	0	1	342	253	594	3.4e-201	693.7
OUA19085.1;NFEN01000146.1	Cry1Ia11	100.0	357	0	0	1	357	287	643	1.2e-212	731.9
AYF84876.1;CP032609.1	Cry8Ab1	72.7	373	94	5	1	368	298	667	2.2e-150	525.0
PNK40024.1;NHNR01000190.1	Cry1Ia18	100.0	357	0	0	1	357	287	643	2.6e-212	730.7
WP_088021715.1;NZ_NFDV01000111.1	Cry9Ea1	100.0	348	0	0	1	348	303	650	6.3e-203	699.5
WP_016090222.1;NZ_CP009999.1	Cry1Aa11	100.0	347	0	0	1	347	259	605	1.7e-200	691.4
AGU13838.1;KC156673.1	Cry8Ta1	100.0	380	0	0	1	380	309	688	3.1e-227	780.4
WP_087988129.1;NZ_NFDR01000146.1	Cry1Gb2	100.0	342	0	0	1	342	253	594	3.4e-201	693.7
WP_021727542.1;NZ_NFEN01000134.1	Cry9Ea1	100.0	348	0	0	1	348	303	650	6.3e-203	699.5
WP_086408080.1;NZ_NFCT01000009.1	Cry4Aa1	100.0	356	0	0	1	356	322	677	1.3e-208	718.4
OUA21361.1;NFEO01000104.1	Cry9Ea1	100.0	348	0	0	1	348	303	650	6.3e-203	699.5
WP_000369823.1;NZ_CP004861.1	Cry1Aa11	100.0	347	0	0	1	347	259	605	1.7e-200	691.4
WP_033700085.1;NZ_KK088376.1	Cry1Db1	100.0	334	0	0	1	334	258	591	6.1e-195	672.9
WP_042991627.1;NZ_NFDU01000248.1	Cry1Da1	100.0	334	0	0	1	334	258	591	4.6e-195	673.3
WP_105433843.1;NZ_PUWY01000071.1	Cry1Ie2	77.3	357	80	1	1	356	287	643	8.5e-163	566.2
OTZ38706.1;NFDZ01000102.1	Cry1Aa11	100.0	347	0	0	1	347	259	605	1.7e-200	691.4
WP_042991627.1;NZ_NHZG01000036.1	Cry1Da1	100.0	334	0	0	1	334	258	591	4.6e-195	673.3
WP_042991625.1;NZ_NFEQ01000251.1	Cry1Ca11	100.0	352	0	0	1	352	261	612	3.2e-210	723.8
WP_000369823.1;NC_020384.1	Cry1Aa11	100.0	347	0	0	1	347	259	605	1.7e-200	691.4
WP_000769223.1;NZ_NFDW01000124.1	Cry1Ia11	100.0	357	0	0	1	357	287	643	1.2e-212	731.9
WP_000203376.1;NZ_PGDU01000200.1	Cry1Ba1	100.0	358	0	0	1	358	278	635	1.3e-211	728.4
WP_098222186.1;NZ_NTVJ01000032.1	Cry68Aa1	92.3	349	27	0	1	349	305	653	5.6e-183	633.3
WP_098223240.1;NZ_NTVJ01000125.1	Cry69Ab1	43.3	379	181	16	1	359	303	667	5.0e-62	231.5
WP_000769223.1;NZ_JMHW01000075.1	Cry1Ia11	100.0	357	0	0	1	357	287	643	1.2e-212	731.9
WP_103597547.1;NZ_PGEB01000219.1	Cry1Ca11	100.0	352	0	0	1	352	261	612	3.2e-210	723.8
WP_033698198.1;NZ_NFDO01000017.1	Cry1Bd1	100.0	360	0	0	1	360	283	642	2.6e-196	677.6
AJK38600.1;CP010003.1	Cry1Ab12	100.0	348	0	0	1	348	259	606	2.0e-201	694.5
PFA82393.1;NTUS01000221.1	Cry1Ia18	100.0	357	0	0	1	357	287	643	2.6e-212	730.7
OUA23293.1;NFEP01000082.1	Cry1Ac10	100.0	350	0	0	1	350	259	608	3.4e-204	703.7
WP_000837623.1;NZ_CP014853.1	Cry1Id1	100.0	357	0	0	1	357	287	643	1.3e-211	728.4
WP_086412479.1;NZ_PGEB01000344.1	Cry1Ba1	100.0	358	0	0	1	358	278	635	1.3e-211	728.4
WP_079246656.1;NZ_CP020005.1	Cry1Bd1	100.0	360	0	0	1	360	283	642	2.6e-196	677.6
OTW73736.1;NFCH01000013.1	Cry1Bd1	100.0	360	0	0	1	360	283	642	2.6e-196	677.6
AQY42680.1;CP020005.1	Cry1Ia23	100.0	357	0	0	1	357	287	643	1.5e-212	731.5
WP_000769223.1;NZ_NFEU01000196.1	Cry1Ia11	100.0	357	0	0	1	357	287	643	1.2e-212	731.9
WP_000769223.1;NZ_MOXR01000070.1	Cry1Ia11	100.0	357	0	0	1	357	287	643	1.2e-212	731.9
OTY56195.1;NFDO01000190.1	Cry1Gb2	100.0	342	0	0	1	342	253	594	3.4e-201	693.7
WP_053514599.1;NZ_LDEU01000163.1	Cry1Ia23	100.0	357	0	0	1	357	287	643	1.5e-212	731.5
OTX69600.1;NFCT01000074.1	Cry4Ba1	100.0	350	0	0	1	350	284	633	5.5e-199	686.4
WP_074644113.1;NZ_NFEM01000123.1	Cry1Ac13	100.0	349	0	0	1	349	259	607	2.2e-203	701.0
WP_098223240.1;NZ_NTYF01000198.1	Cry69Ab1	43.3	379	181	16	1	359	303	667	5.0e-62	231.5
WP_098223240.1;NZ_NUPG01000083.1	Cry69Ab1	43.3	379	181	16	1	359	303	667	5.0e-62	231.5
PEK85070.1;NUCJ01000100.1	Cry1Ia11	100.0	357	0	0	1	357	287	643	1.2e-212	731.9
PER39584.1;NTYF01000218.1	Cry68Aa1	52.7	355	150	6	4	348	308	654	1.5e-90	326.2
AND11141.1;CP015177.1	Cry1Ae1	100.0	348	0	0	1	348	259	606	9.1e-202	695.7
OTY27002.1;NFDK01000027.1	Cry7Ba1	100.0	358	0	0	1	358	294	651	1.1e-210	725.3
WP_042991627.1;NZ_NFDV01000264.1	Cry1Da1	100.0	334	0	0	1	334	258	591	4.6e-195	673.3
EXY04526.1;KK088287.1	Cry1Cb1	100.0	342	0	0	1	342	283	624	2.4e-194	671.0
WP_042991625.1;NZ_NHPK02000115.1	Cry1Ca11	100.0	352	0	0	1	352	261	612	3.2e-210	723.8
OTZ94741.1;NFEI01000122.1	Cry1Ac10	100.0	350	0	0	1	350	259	608	3.4e-204	703.7
WP_033698198.1;NZ_PGDZ01000138.1	Cry1Bd1	100.0	360	0	0	1	360	283	642	2.6e-196	677.6
WP_102981975.1;NZ_NHNR01000183.1	Cry1Fb6	100.0	342	0	0	1	342	257	598	1.7e-205	708.0
WP_102981978.1;NZ_NHNR01000193.1	Cry1Ab18	100.0	348	0	0	1	348	259	606	3.5e-201	693.7
AFU17015.1;CP003690.1	Cry4Cc1	99.7	343	1	0	1	343	304	646	1.4e-199	688.3
WP_000769223.1;NZ_NFEN01000146.1	Cry1Ia11	100.0	357	0	0	1	357	287	643	1.2e-212	731.9
WP_088021715.1;NZ_NFEQ01000018.1	Cry9Ea1	100.0	348	0	0	1	348	303	650	6.3e-203	699.5
WP_086426923.1;NZ_NFCY01000015.1	Cry7Ba1	100.0	358	0	0	1	358	294	651	1.1e-210	725.3
PHQ17955.1;NHPK02000115.1	Cry1Ca11	100.0	352	0	0	1	352	261	612	3.2e-210	723.8
AGU13812.1;KC156647.1	Cry1Ie2	100.0	357	0	0	1	357	287	643	3.8e-211	726.9
WP_062804551.1;NZ_NFEC01000033.1	Cry1Fb6	100.0	342	0	0	1	342	257	598	1.7e-205	708.0
WP_119493300.1;NZ_CP013279.1	Cry4Aa1	100.0	356	0	0	1	356	322	677	1.3e-208	718.4
OUA21000.1;NFEO01000107.1	Cry1Ia11	100.0	357	0	0	1	357	287	643	1.2e-212	731.9
WP_021727542.1;NZ_CP010091.1	Cry9Ea1	100.0	348	0	0	1	348	303	650	6.3e-203	699.5
WP_000769223.1;NZ_PGEG01000093.1	Cry1Ia11	100.0	357	0	0	1	357	287	643	1.2e-212	731.9
OUA45353.1;NFES01000054.1	Cry9Ea1	100.0	348	0	0	1	348	303	650	6.3e-203	699.5
OTY74986.1;NFDO01000048.1	Cry1Ib3	100.0	357	0	0	1	357	287	643	5.8e-212	729.6
PFH99743.1;NUUZ01000211.1	Cry68Aa1	92.3	349	27	0	1	349	305	653	5.6e-183	633.3
WP_021727542.1;NZ_QNUR01000168.1	Cry9Ea1	100.0	348	0	0	1	348	303	650	6.3e-203	699.5
OUA76871.1;NFEV01000141.1	Cry1Ia11	100.0	357	0	0	1	357	287	643	1.2e-212	731.9
WP_000769223.1;NZ_NFEO01000107.1	Cry1Ia11	100.0	357	0	0	1	357	287	643	1.2e-212	731.9
OTZ14059.1;NFDY01000165.1	Cry1Ac13	100.0	349	0	0	1	349	259	607	2.2e-203	701.0
OIX18511.1;MOXQ01000033.1	Cry1Ia11	100.0	357	0	0	1	357	287	643	1.2e-212	731.9
WP_021727542.1;NZ_MOXQ01000142.1	Cry9Ea1	100.0	348	0	0	1	348	303	650	6.3e-203	699.5
WP_088118889.1;NZ_NFDL01000063.1	Cry8Ac1	100.0	378	0	0	1	378	298	675	7.3e-221	759.2
EXY05451.1;JEOF01000094.1	Cry1Db1	100.0	334	0	0	1	334	258	591	6.1e-195	672.9
WP_033698569.1;NZ_NFEE01000167.1	Cry1Ga1	100.0	339	0	0	1	339	253	591	3.1e-199	687.2
WP_000769223.1;NC_017203.1	Cry1Ia11	100.0	357	0	0	1	357	287	643	1.2e-212	731.9
WP_080775509.1;NZ_NHNR01000128.1	Cry1Ka2	100.0	353	0	0	1	353	257	609	1.9e-207	714.5
WP_088118889.1;NZ_NFDL01000013.1	Cry8Ac1	100.0	378	0	0	1	378	298	675	7.3e-221	759.2
WP_021727542.1;NZ_NFEU01000056.1	Cry9Ea1	100.0	348	0	0	1	348	303	650	6.3e-203	699.5
OTX71618.1;NFCW01000048.1	Cry28Aa2	99.1	348	3	0	1	348	273	620	7.0e-202	696.0
AGU13874.1;KC156709.1	Cry32Sa1	100.0	309	0	0	1	309	314	622	4.9e-183	633.3
WP_042991627.1;NZ_NFEN01000240.1	Cry1Da1	100.0	334	0	0	1	334	258	591	4.6e-195	673.3
OTY81130.1;NFDR01000187.1	Cry1Db1	100.0	334	0	0	1	334	258	591	6.1e-195	672.9
PHD85156.1;NUSR01000060.1	Cry1Ia11	100.0	357	0	0	1	357	287	643	1.2e-212	731.9
PFW19349.1;NVEK01000319.1	Cry69Ab1	43.3	379	181	16	1	359	303	667	5.0e-62	231.5
WP_081283890.1;NZ_NFCZ01000023.1	Cry7Ia1	100.0	337	0	0	1	337	321	657	7.7e-198	682.6
EXY05450.1;KK088376.1	Cry1Ib3	100.0	357	0	0	1	357	287	643	5.8e-212	729.6
OTZ30113.1;NFEC01000118.1	Cry1Ab18	100.0	348	0	0	1	348	259	606	3.5e-201	693.7
PNK46490.1;NHNR01000027.1	Cry1Bb1	100.0	357	0	0	1	357	283	639	5.8e-212	729.6
WP_000769223.1;NZ_RBVK01000076.1	Cry1Ia11	100.0	357	0	0	1	357	287	643	1.2e-212	731.9
OTX53145.1;NFCY01000015.1	Cry7Ba1	100.0	358	0	0	1	358	294	651	1.1e-210	725.3
WP_000369821.1;NZ_PZQR01000102.1	Cry1Ac10	100.0	350	0	0	1	350	259	608	3.4e-204	703.7
WP_016090222.1;NZ_CP011350.1	Cry1Aa11	100.0	347	0	0	1	347	259	605	1.7e-200	691.4
OTW53899.1;NFCH01000171.1	Cry1Cb1	100.0	342	0	0	1	342	283	624	2.4e-194	671.0
WP_042991625.1;NZ_NHNQ01000127.1	Cry1Ca11	100.0	352	0	0	1	352	261	612	3.2e-210	723.8
PNK40012.1;NHNR01000193.1	Cry1Ab18	100.0	348	0	0	1	348	259	606	3.5e-201	693.7
WP_000769223.1;NZ_NUSR01000060.1	Cry1Ia11	100.0	357	0	0	1	357	287	643	1.2e-212	731.9
WP_098222186.1;NZ_NUUZ01000211.1	Cry68Aa1	92.3	349	27	0	1	349	305	653	5.6e-183	633.3
WP_098712089.1;NZ_NVEK01000018.1	Cry68Aa1	52.7	355	150	6	4	348	308	654	1.5e-90	326.2
WP_086402512.1;NZ_NFEM01000074.1	Cry1Ea10	100.0	340	0	0	1	340	258	597	7.8e-198	682.6
WP_033698569.1;NZ_NFDO01000216.1	Cry1Ga1	100.0	339	0	0	1	339	253	591	3.1e-199	687.2
WP_042991625.1;NZ_NFEO01000107.1	Cry1Ca11	100.0	352	0	0	1	352	261	612	3.2e-210	723.8
OTW84525.1;NFCP01000044.1	Cry1Ie2	100.0	357	0	0	1	357	287	643	3.8e-211	726.9
WP_086391486.1;NZ_PGDY01000103.1	Cry7Ab2	99.7	351	1	0	1	351	286	636	1.3e-208	718.4
WP_000769223.1;NZ_CP004876.1	Cry1Ia11	100.0	357	0	0	1	357	287	643	1.2e-212	731.9
OUA38461.1;NFER01000123.1	Cry9Ea1	100.0	348	0	0	1	348	303	650	6.3e-203	699.5
WP_016090366.1;NZ_CP004875.1	Cry1Ac13	100.0	349	0	0	1	349	259	607	2.2e-203	701.0
OXR53716.1;NHZG01000036.1	Cry1Ca11	100.0	352	0	0	1	352	261	612	3.2e-210	723.8
EXY05451.1;KK088376.1	Cry1Db1	100.0	334	0	0	1	334	258	591	6.1e-195	672.9
WP_021727542.1;NZ_NHNQ01000187.1	Cry9Ea1	100.0	348	0	0	1	348	303	650	6.3e-203	699.5
WP_016090366.1;NZ_CP009999.1	Cry1Ac13	100.0	349	0	0	1	349	259	607	2.2e-203	701.0
WP_106001068.1;NZ_PVMD01000147.1	Cry1Ad2	100.0	347	0	0	1	347	259	605	2.9e-200	690.6
ALL62164.1;CP013056.1	Cry1Ac13	100.0	349	0	0	1	349	259	607	2.2e-203	701.0
WP_087976784.1;NZ_NFCH01000188.1	Cry1Db1	100.0	334	0	0	1	334	258	591	6.1e-195	672.9
WP_129542631.1;NZ_CP032609.1	Cry8Fa1	100.0	369	0	0	1	369	293	661	2.0e-215	741.1
WP_079246652.1;NZ_CP020005.1	Cry1Ia23	100.0	357	0	0	1	357	287	643	1.5e-212	731.5
OTZ43630.1;NFEE01000193.1	Cry1Fb1	100.0	342	0	0	1	342	257	598	3.0e-205	707.2
WP_000769223.1;NZ_NFEQ01000251.1	Cry1Ia11	100.0	357	0	0	1	357	287	643	1.2e-212	731.9
PFW49142.1;NVEK01000018.1	Cry68Aa1	52.7	355	150	6	4	348	308	654	1.5e-90	326.2
WP_060703593.1;NZ_LFXM01000010.1	Cry4Ba1	100.0	350	0	0	1	350	284	633	5.5e-199	686.4
WP_053512334.1;NZ_LDEU01000017.1	Cry1Ac13	100.0	349	0	0	1	349	259	607	2.2e-203	701.0
OTZ30108.1;NFEC01000118.1	Cry1Hb1	100.0	340	0	0	1	340	256	595	6.4e-200	689.5
PFW24146.1;NVEK01000201.1	Cry68Aa1	92.3	349	27	0	1	349	305	653	5.6e-183	633.3
WP_033700089.1;NZ_NFCH01000188.1	Cry1Fb1	100.0	342	0	0	1	342	257	598	3.0e-205	707.2
WP_000837623.1;NZ_CM000758.1	Cry1Id1	100.0	357	0	0	1	357	287	643	1.3e-211	728.4
WP_103591149.1;NZ_PGEE01000007.1	Cry53Ab1	36.0	378	194	18	1	363	298	642	7.1e-40	157.9
WP_086426923.1;NZ_NFCZ01000023.1	Cry7Ba1	100.0	358	0	0	1	358	294	651	1.1e-210	725.3
WP_098223361.1;NZ_NTYF01000218.1	Cry68Aa1	52.7	355	150	6	4	348	308	654	1.5e-90	326.2
WP_000769223.1;NZ_NFER01000141.1	Cry1Ia11	100.0	357	0	0	1	357	287	643	1.2e-212	731.9
OTX56889.1;NFCZ01000023.1	Cry7Ia1	100.0	337	0	0	1	337	321	657	7.7e-198	682.6
OTY00858.1;NFDH01000100.1	Cry7Gc1	100.0	362	0	0	1	362	282	643	2.1e-209	721.1
